tests/data/model/grid/dem_m01.asc
ncols        189
nrows        213
xllcorner    292786.250000000000
yllcorner    6177386.250000000000
dx           5.013227513228
dy           5.016431924883
NODATA_value  -9999
[rows 72 to 89 of 213, columns 0 to 40 of 189]
-9999 60.7881011962890625 60.644199371337890625 60.34220123291015625 59.863300323486328125 59.28179931640625 58.69210052490234375 58.0373992919921875 57.44770050048828125 56.843799591064453125 56.346599578857421875 55.8954010009765625 55.555698394775390625 55.26380157470703125 55.049098968505859375 54.84980010986328125 54.677600860595703125 54.481800079345703125 54.278301239013671875 54.027099609375 53.748699188232421875 53.40670013427734375 53.0457000732421875 52.615200042724609375 52.184101104736328125 51.699901580810546875 51.23699951171875 50.729198455810546875 50.265598297119140625 49.787899017333984375 49.371601104736328125 48.94580078125 48.56060028076171875 48.14550018310546875 47.7602996826171875 47.3433990478515625 46.954700469970703125 46.53369903564453125 46.094898223876953125 45.65670013427734375 45.2910003662109375
-9999 60.594600677490234375 60.4300994873046875 60.1027984619140625 59.54840087890625 58.912601470947265625 58.25859832763671875 57.5803985595703125 56.959400177001953125 56.35430145263671875 55.8571014404296875 55.4300994873046875 55.1175994873046875 54.86280059814453125 54.672901153564453125 54.4989013671875 54.3385009765625 54.158000946044921875 53.960399627685546875 53.72570037841796875 53.459201812744140625 53.1425018310546875 52.7938995361328125 52.38990020751953125 51.960601806640625 51.488800048828125 51.02349853515625 50.535701751708984375 50.0803985595703125 49.6251983642578125 49.211700439453125 48.795398712158203125 48.398998260498046875 47.98619842529296875 47.591701507568359375 47.18000030517578125 46.783100128173828125 46.36679840087890625 45.917400360107421875 45.4998016357421875 45.175998687744140625
-9999 60.40940093994140625 60.22840118408203125 59.845001220703125 59.24530029296875 58.535800933837890625 57.8527984619140625 57.13449859619140625 56.50820159912109375 55.902500152587890625 55.4347991943359375 55.0355987548828125 54.758998870849609375 54.52899932861328125 54.356201171875 54.1875 54.034198760986328125 53.856098175048828125 53.663799285888671875 53.428501129150390625 53.1808013916015625 52.8777008056640625 52.55390167236328125 52.165798187255859375 51.763599395751953125 51.295299530029296875 50.8412017822265625 50.351100921630859375 49.912998199462890625 49.462398529052734375 49.064899444580078125 48.646701812744140625 48.258098602294921875 47.837001800537109375 47.445400238037109375 47.023700714111328125 46.632701873779296875 46.208698272705078125 45.769298553466796875 45.35179901123046875 45.092899322509765625
-9999 60.2053985595703125 60.00009918212890625 59.595001220703125 58.926799774169921875 58.181301116943359375 57.455898284912109375 56.7239990234375 56.087100982666015625 55.5139007568359375 55.07920074462890625 54.7218017578125 54.470001220703125 54.255901336669921875 54.07659912109375 53.900299072265625 53.737499237060546875 53.564098358154296875 53.3748016357421875 53.149501800537109375 52.903598785400390625 52.61640167236328125 52.303798675537109375 51.943500518798828125 51.557201385498046875 51.117801666259765625 50.66429901123046875 50.1847991943359375 49.7436981201171875 49.30670166015625 48.909198760986328125 48.503398895263671875 48.1118011474609375 47.700801849365234375 47.30390167236328125 46.88809967041015625 46.488800048828125 46.07070159912109375 45.620098114013671875 45.245601654052734375 45.01380157470703125
-9999 60.01020050048828125 59.78900146484375 59.328399658203125 58.6248016357421875 57.828701019287109375 57.09439849853515625 56.3406982421875 55.727901458740234375 55.185398101806640625 54.796100616455078125 54.473499298095703125 54.237598419189453125 54.011798858642578125 53.82070159912109375 53.627201080322265625 53.45619964599609375 53.275699615478515625 53.0970001220703125 52.877101898193359375 52.641201019287109375 52.35810089111328125 52.063800811767578125 51.712299346923828125 51.350200653076171875 50.92440032958984375 50.495601654052734375 50.0167999267578125 49.58390045166015625 49.1427001953125 48.75469970703125 48.347198486328125 47.9673004150390625 47.555698394775390625 47.17060089111328125 46.752498626708984375 46.36199951171875 45.9385986328125 45.508098602294921875 45.1454010009765625 44.8816986083984375
-9999 59.800800323486328125 59.555500030517578125 59.079498291015625 58.318698883056640625 57.504901885986328125 56.742298126220703125 56.006900787353515625 55.41770172119140625 54.92060089111328125 54.566699981689453125 54.27539825439453125 54.029998779296875 53.788799285888671875 53.575901031494140625 53.37129974365234375 53.18489837646484375 52.99739837646484375 52.81510162353515625 52.610500335693359375 52.3816986083984375 52.113300323486328125 51.82199859619140625 51.488800048828125 51.134899139404296875 50.73329925537109375 50.3115997314453125 49.852199554443359375 49.416400909423828125 48.982898712158203125 48.591899871826171875 48.194400787353515625 47.8134002685546875 47.4141998291015625 47.029598236083984375 46.625701904296875 46.235198974609375 45.824798583984375 45.4001007080078125 45.036899566650390625 44.76670074462890625
-9999 59.609699249267578125 59.353801727294921875 58.830699920654296875 58.050998687744140625 57.197601318359375 56.44100189208984375 55.716701507568359375 55.168300628662109375 54.705898284912109375 54.385101318359375 54.095500946044921875 53.843700408935546875 53.582401275634765625 53.35540008544921875 53.12889862060546875 52.932498931884765625 52.729000091552734375 52.544399261474609375 52.340999603271484375 52.128101348876953125 51.86679840087890625 51.591999053955078125 51.265899658203125 50.930301666259765625 50.535099029541015625 50.1334991455078125 49.678798675537109375 49.25949859619140625 48.827800750732421875 48.449798583984375 48.052898406982421875 47.68489837646484375 47.287899017333984375 46.91699981689453125 46.51599884033203125 46.141498565673828125 45.736301422119140625 45.3264007568359375 44.971401214599609375 44.726001739501953125
-9999 59.418598175048828125 59.14260101318359375 58.6183013916015625 57.800899505615234375 56.948200225830078125 56.18379974365234375 55.490299224853515625 54.9665985107421875 54.542499542236328125 54.229400634765625 53.933300018310546875 53.664398193359375 53.39550018310546875 53.149501800537109375 52.907100677490234375 52.691898345947265625 52.4795989990234375 52.281398773193359375 52.076198577880859375 51.86679840087890625 51.623798370361328125 51.357898712158203125 51.049999237060546875 50.719699859619140625 50.34349822998046875 49.9459991455078125 49.513698577880859375 49.104400634765625 48.694499969482421875 48.325298309326171875 47.94969940185546875 47.58750152587890625 47.2071990966796875 46.840900421142578125 46.455799102783203125 46.085399627685546875 45.698001861572265625 45.295200347900390625 44.967800140380859375 44.733699798583984375
-9999 59.267101287841796875 58.99050140380859375 58.4337005615234375 57.6186981201171875 56.748199462890625 56.003398895263671875 55.318698883056640625 54.819698333740234375 54.40869903564453125 54.09960174560546875 53.782299041748046875 53.50279998779296875 53.215000152587890625 52.962001800537109375 52.7006988525390625 52.474300384521484375 52.243099212646484375 52.036701202392578125 51.81729888916015625 51.612598419189453125 51.375499725341796875 51.12670135498046875 50.827098846435546875 50.5157012939453125 50.144100189208984375 49.766101837158203125 49.34619903564453125 48.962299346923828125 48.56829833984375 48.222698211669921875 47.858798980712890625 47.517398834228515625 47.146999359130859375 46.800201416015625 46.423999786376953125 46.072498321533203125 45.691501617431640625 45.31639862060546875 45.0084991455078125 44.799800872802734375
-9999 59.127899169921875 58.84420013427734375 58.309299468994140625 57.485401153564453125 56.631500244140625 55.88069915771484375 55.21250152587890625 54.715900421142578125 54.310199737548828125 53.981098175048828125 53.651401519775390625 53.3506011962890625 53.051601409912109375 52.780300140380859375 52.510799407958984375 52.266101837158203125 52.023700714111328125 51.801898956298828125 51.576099395751953125 51.361400604248046875 51.13079833984375 50.886600494384765625 50.60469818115234375 50.3003997802734375 49.947200775146484375 49.577999114990234375 49.185199737548828125 48.817798614501953125 48.452098846435546875 48.120098114013671875 47.777400970458984375 47.44660186767578125 47.098598480224609375 46.762500762939453125 46.409198760986328125 46.06829833984375 45.71089935302734375 45.351200103759765625 45.0746002197265625 44.8787994384765625
55.84529876708984375 59.018798828125 58.748699188232421875 58.205501556396484375 57.4087982177734375 56.555400848388671875 55.822299957275390625 55.1493988037109375 54.657001495361328125 54.233501434326171875 53.89260101318359375 53.537601470947265625 53.2238006591796875 52.900699615478515625 52.6175994873046875 52.32740020751953125 52.073200225830078125 51.813098907470703125 51.586101531982421875 51.347198486328125 51.127300262451171875 50.887798309326171875 50.65309906005859375 50.3759002685546875 50.0868988037109375 49.74250030517578125 49.398700714111328125 49.0260009765625 48.68920135498046875 48.343601226806640625 48.0334014892578125 47.700801849365234375 47.3899993896484375 47.053798675537109375 46.740100860595703125 46.40039825439453125 46.083099365234375 45.740398406982421875 45.40779876708984375 45.136501312255859375 44.951900482177734375
56.19860076904296875 58.9114990234375 58.64189910888671875 58.131198883056640625 57.33499908447265625 56.50820159912109375 55.772800445556640625 55.11280059814453125 54.61100006103515625 54.183399200439453125 53.824199676513671875 53.457401275634765625 53.11769866943359375 52.776798248291015625 52.4683990478515625 52.16410064697265625 51.888599395751953125 51.617298126220703125 51.373199462890625 51.129001617431640625 50.89839935302734375 50.657199859619140625 50.418399810791015625 50.151798248291015625 49.86750030517578125 49.54669952392578125 49.22409820556640625 48.88800048828125 48.577701568603515625 48.264598846435546875 47.967899322509765625 47.65650177001953125 47.3563995361328125 47.041400909423828125 46.73889923095703125 46.421001434326171875 46.11550140380859375 45.7958984375 45.47029876708984375 45.212001800537109375 45.018001556396484375
56.705799102783203125 58.806499481201171875 58.551700592041015625 58.029201507568359375 57.256000518798828125 56.42800140380859375 55.71559906005859375 55.059200286865234375 54.56610107421875 54.12850189208984375 53.76760101318359375 53.3860015869140625 53.040401458740234375 52.6753997802734375 52.35160064697265625 52.018398284912109375 51.728199005126953125 51.43280029296875 51.176799774169921875 50.914398193359375 50.68199920654296875 50.4337005615234375 50.1977996826171875 49.9311981201171875 49.661701202392578125 49.35919952392578125 49.072601318359375 48.765300750732421875 48.48870086669921875 48.1985015869140625 47.9272003173828125 47.632999420166015625 47.3563995361328125 47.05500030517578125 46.773101806640625 46.466400146484375 46.179798126220703125 45.869598388671875 45.55879974365234375 45.288700103759765625 45.089298248291015625
57.22589874267578125 58.677898406982421875 58.40959930419921875 57.90000152587890625 57.11029815673828125 56.304698944091796875 55.605899810791015625 54.97840118408203125 54.49539947509765625 54.067798614501953125 53.694499969482421875 53.3123016357421875 52.953098297119140625 52.586299896240234375 52.2436981201171875 51.89749908447265625 51.583099365234375 51.270599365234375 50.990398406982421875 50.71559906005859375 50.469699859619140625 50.224300384521484375 49.987300872802734375 49.730098724365234375 49.474201202392578125 49.202899932861328125 48.944599151611328125 48.67449951171875 48.41790008544921875 48.1519012451171875 47.894199371337890625 47.622898101806640625 47.358699798583984375 47.080898284912109375 46.810199737548828125 46.52539825439453125 46.248798370361328125 45.95690155029296875 45.646099090576171875 45.378299713134765625 45.1566009521484375
57.8162994384765625 58.548198699951171875 58.278598785400390625 57.731899261474609375 56.938098907470703125 56.11840057373046875 55.449001312255859375 54.845699310302734375 54.393299102783203125 53.97460174560546875 53.6083984375 53.216800689697265625 52.859401702880859375 52.480800628662109375 52.13629913330078125 51.773601531982421875 51.449298858642578125 51.11370086669921875 50.82180023193359375 50.52629852294921875 50.277400970458984375 50.028499603271484375 49.80030059814453125 49.55139923095703125 49.325000762939453125 49.08380126953125 48.858501434326171875 48.61309814453125 48.37599945068359375 48.11479949951171875 47.8712005615234375 47.6063995361328125 47.358699798583984375 47.089199066162109375 46.835601806640625 46.559600830078125 46.29949951171875 46.01580047607421875 45.719799041748046875 45.4467010498046875 45.226200103759765625
58.439098358154296875 58.40779876708984375 58.1128997802734375 57.565601348876953125 56.730499267578125 55.918399810791015625 55.260898590087890625 54.691699981689453125 54.258899688720703125 53.86080169677734375 53.4886016845703125 53.1035003662109375 52.739101409912109375 52.36280059814453125 52.00839996337890625 51.644500732421875 51.303600311279296875 50.95980072021484375 50.64839935302734375 50.351100921630859375 50.0998992919921875 49.8592987060546875 49.63690185546875 49.4093017578125 49.211101531982421875 49.007701873779296875 48.808300018310546875 48.587200164794921875 48.348300933837890625 48.091800689697265625 47.8459014892578125 47.589298248291015625 47.34220123291015625 47.08390045166015625 46.834400177001953125 46.57199859619140625 46.317798614501953125 46.05059814453125 45.765201568603515625 45.513401031494140625 45.291599273681640625
59.007598876953125 58.282199859619140625 57.9730987548828125 57.369800567626953125 56.525299072265625 55.70439910888671875 55.073299407958984375 54.527801513671875 54.125598907470703125 53.72930145263671875 53.362400054931640625 52.96849822998046875 52.6063995361328125 52.2212982177734375 51.86920166015625 51.494098663330078125 51.152599334716796875 50.7946014404296875 50.483798980712890625 50.187198638916015625 49.94660186767578125 49.714199066162109375 49.51129913330078125 49.305500030517578125 49.13800048828125 48.965801239013671875 48.79650115966796875 48.585399627685546875 48.351299285888671875 48.088199615478515625 47.8441009521484375 47.581600189208984375 47.33750152587890625 47.075000762939453125 46.83209991455078125 46.569599151611328125 46.327800750732421875 46.07070159912109375 45.81240081787109375 45.575298309326171875 45.371799468994140625
59.44580078125 58.184299468994140625 57.82630157470703125 57.197601318359375 56.32180023193359375 55.516201019287109375 54.898799896240234375 54.38629913330078125 53.994098663330078125 53.605998992919921875 53.232700347900390625 52.84349822998046875 52.470699310302734375 52.084400177001953125 51.717601776123046875 51.341899871826171875 50.98809814453125 50.63249969482421875 50.3246002197265625 50.04270172119140625 49.8144989013671875 49.602199554443359375 49.41230010986328125 49.23239898681640625 49.090801239013671875 48.95050048828125 48.79830169677734375 48.5989990234375 48.36190032958984375 48.1024017333984375 47.8535003662109375 47.59400177001953125 47.3451995849609375 47.086299896240234375 46.839099884033203125 46.584400177001953125 46.348499298095703125 46.11080169677734375 45.869598388671875 45.66139984130859375 45.466800689697265625
