tests/data/model/grid/dem_m01.asc
ncols        189
nrows        213
xllcorner    292786.250000000000
yllcorner    6177386.250000000000
dx           5.013227513228
dy           5.016431924883
NODATA_value  -9999
[rows 18 to 35 of 213, columns 82 to 122 of 189]
39.549800872802734375 39.479000091552734375 39.409999847412109375 39.342800140380859375 39.28549957275390625 39.244899749755859375 39.22299957275390625 39.21829986572265625 39.225399017333984375 39.239498138427734375 39.2566986083984375 39.275501251220703125 39.29199981689453125 39.307399749755859375 39.326801300048828125 39.3574981689453125 39.396999359130859375 39.43830108642578125 39.48130035400390625 39.49610137939453125 39.47010040283203125 38.817901611328125 37.866001129150390625 36.22769927978515625 38.30300140380859375 38.872699737548828125 39.44770050048828125 40.022701263427734375 40.10179901123046875 40.1631011962890625 40.242099761962890625 40.34420013427734375 40.439098358154296875 40.53820037841796875 40.635501861572265625 40.72750091552734375 40.80770111083984375 40.877300262451171875 40.94100189208984375 41.011798858642578125 41.097301483154296875
39.55210113525390625 39.4860992431640625 39.4217987060546875 39.363399505615234375 39.317401885986328125 39.287899017333984375 39.27970123291015625 39.28549957275390625 39.302700042724609375 39.32450103759765625 39.3480987548828125 39.36930084228515625 39.389301300048828125 39.40760040283203125 39.424098968505859375 39.441799163818359375 39.464801788330078125 39.493099212646484375 39.52500152587890625 39.5579986572265625 39.561000823974609375 39.3079986572265625 38.06420135498046875 36.231201171875 38.110198974609375 38.693401336669921875 39.21360015869140625 39.783901214599609375 40.20729827880859375 40.27519989013671875 40.36009979248046875 40.46089935302734375 40.56060028076171875 40.65560150146484375 40.75640106201171875 40.846599578857421875 40.935100555419921875 41.012401580810546875 41.093700408935546875 41.177501678466796875 41.29010009765625
39.557399749755859375 39.494899749755859375 39.43830108642578125 39.389301300048828125 39.355098724365234375 39.33860015869140625 39.3415985107421875 39.3592987060546875 39.384601593017578125 39.41410064697265625 39.44120025634765625 39.4665985107421875 39.48960113525390625 39.5113983154296875 39.5290985107421875 39.5438995361328125 39.555698394775390625 39.566898345947265625 39.583400726318359375 39.5998992919921875 39.60810089111328125 39.608699798583984375 38.551300048828125 36.215301513671875 37.01850128173828125 38.317798614501953125 38.842098236083984375 39.4618988037109375 40.0233001708984375 40.394901275634765625 40.4774017333984375 40.58010101318359375 40.677398681640625 40.776500701904296875 40.8760986328125 40.97930145263671875 41.0802001953125 41.185699462890625 41.29010009765625 41.40219879150390625 41.5343017578125
39.56510162353515625 39.5084991455078125 39.459499359130859375 39.42060089111328125 39.40000152587890625 39.39640045166015625 39.41230010986328125 39.438899993896484375 39.47190093994140625 39.504901885986328125 39.53620147705078125 39.5644989013671875 39.590999603271484375 39.6139984130859375 39.6334991455078125 39.648799896240234375 39.6605987548828125 39.668300628662109375 39.664798736572265625 39.653598785400390625 39.64530181884765625 39.659999847412109375 38.78839874267578125 38.06240081787109375 36.234699249267578125 37.402500152587890625 38.550098419189453125 39.18759918212890625 39.789798736572265625 40.387798309326171875 40.601898193359375 40.702701568603515625 40.80300140380859375 40.903301239013671875 41.0177001953125 41.132099151611328125 41.265399932861328125 41.39630126953125 41.539600372314453125 41.676998138427734375 41.838001251220703125
39.578098297119140625 39.527301788330078125 39.487201690673828125 39.459499359130859375 39.450099945068359375 39.4600982666015625 39.485500335693359375 39.52030181884765625 39.557399749755859375 39.5951995849609375 39.629398345947265625 39.66120147705078125 39.688899993896484375 39.714298248291015625 39.734401702880859375 39.7509002685546875 39.7584991455078125 39.7555999755859375 39.733798980712890625 39.727298736572265625 39.706600189208984375 39.7397003173828125 39.158199310302734375 38.409198760986328125 36.997898101806640625 36.28070068359375 38.363800048828125 38.980098724365234375 39.618198394775390625 40.2563018798828125 40.71630096435546875 40.839599609375 40.9375 41.05419921875 41.179798126220703125 41.321399688720703125 41.477100372314453125 41.64630126953125 41.81800079345703125 41.9936981201171875 42.166500091552734375
39.5951995849609375 39.55210113525390625 39.5214996337890625 39.504299163818359375 39.507900238037109375 39.526798248291015625 39.562099456787109375 39.602199554443359375 39.6446990966796875 39.6847991943359375 39.7220001220703125 39.756198883056640625 39.786800384521484375 39.8134002685546875 39.834598541259765625 39.849399566650390625 39.852901458740234375 39.8423004150390625 39.838199615478515625 39.8936004638671875 39.5449981689453125 39.217700958251953125 38.73709869384765625 38.17559814453125 37.148899078369140625 36.2843017578125 38.347198486328125 38.987701416015625 39.6204986572265625 40.251598358154296875 40.831298828125 40.987598419189453125 41.100200653076171875 41.228801727294921875 41.380401611328125 41.53549957275390625 41.722400665283203125 41.911701202392578125 42.1186981201171875 42.312198638916015625 42.50859832763671875
39.615200042724609375 39.578701019287109375 39.557399749755859375 39.55390167236328125 39.567501068115234375 39.597499847412109375 39.639400482177734375 39.6847991943359375 39.7295989990234375 39.7733001708984375 39.812198638916015625 39.8488006591796875 39.8805999755859375 39.908298492431640625 39.929599761962890625 39.9430999755859375 39.94609832763671875 39.9365997314453125 39.950801849365234375 39.717800140380859375 39.11920166015625 38.521198272705078125 38.16970062255859375 37.4402008056640625 36.263599395751953125 36.440601348876953125 38.459300994873046875 39.079700469970703125 39.706600189208984375 40.34239959716796875 40.955699920654296875 41.159198760986328125 41.27719879150390625 41.42929840087890625 41.5968017578125 41.774898529052734375 41.97010040283203125 42.18180084228515625 42.4001007080078125 42.623600006103515625 42.835300445556640625
39.6381988525390625 39.60990142822265625 39.599300384521484375 39.605800628662109375 39.631099700927734375 39.669498443603515625 39.7173004150390625 39.766201019287109375 39.813999176025390625 39.859401702880859375 39.90129852294921875 39.9384002685546875 39.971401214599609375 39.998600006103515625 40.018001556396484375 40.030399322509765625 40.03279876708984375 40.027500152587890625 40.0298004150390625 39.688899993896484375 38.916400909423828125 38.194499969482421875 36.33319854736328125 36.313800811767578125 36.71070098876953125 38.268199920654296875 38.751201629638671875 39.360401153564453125 39.969699859619140625 40.57830047607421875 41.069599151611328125 41.313701629638671875 41.450000762939453125 41.618000030517578125 41.81909942626953125 42.007900238037109375 42.21720123291015625 42.430698394775390625 42.679599761962890625 42.920200347900390625 43.16609954833984375
39.6670989990234375 39.647701263427734375 39.64530181884765625 39.6605987548828125 39.693698883056640625 39.7407989501953125 39.793300628662109375 39.846401214599609375 39.895900726318359375 39.943698883056640625 39.987400054931640625 40.0251007080078125 40.05699920654296875 40.0811004638671875 40.09709930419921875 40.105899810791015625 40.109401702880859375 40.109401702880859375 40.10649871826171875 39.841701507568359375 38.950000762939453125 38.077098846435546875 36.317901611328125 38.252899169921875 38.698200225830078125 38.901599884033203125 39.167598724365234375 39.682498931884765625 40.29109954833984375 40.75930023193359375 41.152099609375 41.434600830078125 41.576198577880859375 41.773700714111328125 41.98960113525390625 42.203098297119140625 42.420101165771484375 42.6660003662109375 42.935001373291015625 43.2156982421875 43.479900360107421875
39.704898834228515625 39.691898345947265625 39.69660186767578125 39.717800140380859375 39.75910186767578125 39.811000823974609375 39.868801116943359375 39.924800872802734375 39.9785003662109375 40.027500152587890625 40.069301605224609375 40.104099273681640625 40.130100250244140625 40.148998260498046875 40.160198211669921875 40.165500640869140625 40.16429901123046875 40.16429901123046875 40.16429901123046875 40.137699127197265625 39.23600006103515625 38.334300994873046875 36.31729888916015625 37.930301666259765625 38.83789825439453125 39.45780181884765625 39.7154998779296875 40.00389862060546875 40.4550018310546875 40.85430145263671875 41.340301513671875 41.51190185546875 41.66400146484375 41.8639984130859375 42.104000091552734375 42.326900482177734375 42.585201263427734375 42.858898162841796875 43.18740081787109375 43.498798370361328125 43.802501678466796875
39.743801116943359375 39.738498687744140625 39.748500823974609375 39.776798248291015625 39.8209991455078125 39.8787994384765625 39.94139862060546875 40.0027008056640625 40.05699920654296875 40.1035003662109375 40.14009857177734375 40.16899871826171875 40.18849945068359375 40.2014007568359375 40.2079010009765625 40.210300445556640625 40.208499908447265625 40.20909881591796875 40.21849822998046875 40.230899810791015625 39.636501312255859375 38.70349884033203125 37.083400726318359375 36.35150146484375 38.333698272705078125 38.883899688720703125 39.323299407958984375 39.798000335693359375 40.367198944091796875 41.02590179443359375 41.45529937744140625 41.55609893798828125 41.69229888916015625 41.902301788330078125 42.1446990966796875 42.401798248291015625 42.69319915771484375 43.035800933837890625 43.404998779296875 43.784198760986328125 44.116199493408203125
39.777400970458984375 39.779201507568359375 39.796901702880859375 39.828098297119140625 39.879398345947265625 39.941898345947265625 40.010898590087890625 40.07289886474609375 40.125400543212890625 40.166599273681640625 40.1967010498046875 40.21849822998046875 40.23149871826171875 40.239200592041015625 40.242099761962890625 40.2415008544921875 40.240398406982421875 40.2433013916015625 40.253299713134765625 40.272800445556640625 40.269298553466796875 39.244899749755859375 38.283000946044921875 36.40869903564453125 36.369800567626953125 38.307098388671875 38.747699737548828125 39.25189971923828125 39.881801605224609375 40.744598388671875 41.5166015625 41.57849884033203125 41.701801300048828125 41.8975982666015625 42.158298492431640625 42.4300994873046875 42.785800933837890625 43.174999237060546875 43.630298614501953125 44.0531005859375 44.429401397705078125
39.8050994873046875 39.8152008056640625 39.838199615478515625 39.878299713134765625 39.93489837646484375 40.006198883056640625 40.0746002197265625 40.1360015869140625 40.182598114013671875 40.21739959716796875 40.239200592041015625 40.25389862060546875 40.26219940185546875 40.266300201416015625 40.26689910888671875 40.266300201416015625 40.266300201416015625 40.2722015380859375 40.285800933837890625 40.309398651123046875 40.3524017333984375 40.046298980712890625 39.16049957275390625 38.374401092529296875 36.411098480224609375 36.381000518798828125 37.5847015380859375 38.65219879150390625 39.230098724365234375 40.23329925537109375 41.027698516845703125 41.523101806640625 41.661701202392578125 41.90470123291015625 42.1587982177734375 42.456699371337890625 42.851200103759765625 43.33950042724609375 43.847301483154296875 44.34149932861328125 44.7342987060546875
39.8274993896484375 39.841701507568359375 39.872898101806640625 39.91719818115234375 39.9832000732421875 40.054599761962890625 40.1230010986328125 40.17839813232421875 40.217998504638671875 40.243900299072265625 40.261600494384765625 40.27339935302734375 40.280498504638671875 40.284000396728515625 40.284000396728515625 40.2834014892578125 40.285198211669921875 40.293399810791015625 40.3123016357421875 40.338298797607421875 40.371898651123046875 40.433200836181640625 40.0428009033203125 39.29560089111328125 38.546001434326171875 36.979000091552734375 36.392200469970703125 37.3470001220703125 38.660999298095703125 39.382900238037109375 40.18019866943359375 40.730499267578125 41.301300048828125 41.734798431396484375 42.15290069580078125 42.460201263427734375 42.94029998779296875 43.4739990234375 44.07440185546875 44.57630157470703125 45.003200531005859375
39.850498199462890625 39.8675994873046875 39.902400970458984375 39.955501556396484375 40.02159881591796875 40.0941009521484375 40.1566009521484375 40.206699371337890625 40.237400054931640625 40.25859832763671875 40.273998260498046875 40.285800933837890625 40.292301177978515625 40.2946014404296875 40.2946014404296875 40.2946014404296875 40.297000885009765625 40.30879974365234375 40.331798553466796875 40.36190032958984375 40.391300201416015625 40.42910003662109375 40.50930023193359375 40.0811004638671875 39.392299652099609375 38.665699005126953125 37.174800872802734375 36.403400421142578125 37.1269989013671875 38.591400146484375 39.27320098876953125 40.0587005615234375 40.567699432373046875 41.15679931640625 41.838001251220703125 42.5204010009765625 43.009899139404296875 43.63909912109375 44.259601593017578125 44.813899993896484375 45.230899810791015625
39.877101898193359375 39.8936004638671875 39.930698394775390625 39.982601165771484375 40.051601409912109375 40.120601654052734375 40.18019866943359375 40.22209930419921875 40.246898651123046875 40.264499664306640625 40.27989959716796875 40.29109954833984375 40.29579925537109375 40.29759979248046875 40.29759979248046875 40.29759979248046875 40.3011016845703125 40.312900543212890625 40.338901519775390625 40.37310028076171875 40.405498504638671875 40.42910003662109375 40.46450042724609375 40.587100982666015625 40.03929901123046875 39.275501251220703125 38.404998779296875 36.401599884033203125 36.43109893798828125 37.717998504638671875 38.75009918212890625 39.53620147705078125 40.1472015380859375 40.83840179443359375 41.499500274658203125 42.6006011962890625 43.14369964599609375 43.780101776123046875 44.47190093994140625 45.011501312255859375 45.44609832763671875
39.9029998779296875 39.9188995361328125 39.951999664306640625 40.00389862060546875 40.06819915771484375 40.1360015869140625 40.19139862060546875 40.228000640869140625 40.2480010986328125 40.26509857177734375 40.27809906005859375 40.286998748779296875 40.291698455810546875 40.29290008544921875 40.292301177978515625 40.292301177978515625 40.295200347900390625 40.306400299072265625 40.330600738525390625 40.3683013916015625 40.406101226806640625 40.431400299072265625 40.436199188232421875 40.503398895263671875 40.275699615478515625 39.41410064697265625 38.551898956298828125 36.411098480224609375 36.43759918212890625 37.355899810791015625 38.529499053955078125 39.2902984619140625 39.9821014404296875 40.673801422119140625 41.369701385498046875 42.7368011474609375 43.264598846435546875 43.966400146484375 44.6475982666015625 45.209598541259765625 45.617801666259765625
39.929599761962890625 39.941898345947265625 39.970798492431640625 40.014499664306640625 40.075801849365234375 40.138301849365234375 40.19139862060546875 40.22499847412109375 40.24449920654296875 40.25859832763671875 40.269901275634765625 40.277500152587890625 40.280498504638671875 40.281101226806640625 40.280498504638671875 40.279300689697265625 40.282199859619140625 40.291698455810546875 40.314701080322265625 40.347698211669921875 40.391300201416015625 40.41790008544921875 40.42549896240234375 40.480998992919921875 40.012699127197265625 39.23130035400390625 38.420398712158203125 36.425201416015625 36.451801300048828125 37.378299713134765625 38.458698272705078125 39.190601348876953125 39.860599517822265625 40.558200836181640625 41.256500244140625 42.456699371337890625 43.44390106201171875 44.113300323486328125 44.82630157470703125 45.355899810791015625 45.77230072021484375
