tests/data/model/grid/dem_m01.asc
ncols        189
nrows        213
xllcorner    292786.250000000000
yllcorner    6177386.250000000000
dx           5.013227513228
dy           5.016431924883
NODATA_value  -9999
[rows 162 to 179 of 213, columns 82 to 122 of 189]
50.588199615478515625 50.63069915771484375 50.671398162841796875 50.713298797607421875 50.75279998779296875 50.796398162841796875 50.840099334716796875 50.888401031494140625 50.933200836181640625 50.979198455810546875 51.02050018310546875 51.064701080322265625 51.107799530029296875 51.154399871826171875 51.198001861572265625 51.241100311279296875 51.275299072265625 51.306499481201171875 51.33190155029296875 51.355499267578125 51.373798370361328125 51.38970184326171875 51.395599365234375 51.38970184326171875 51.369098663330078125 51.333698272705078125 51.293598175048828125 51.248798370361328125 51.20690155029296875 51.1614990234375 51.124298095703125 51.081298828125 51.072399139404296875 51.022899627685546875 50.92729949951171875 50.87960052490234375 50.6537017822265625 50.604099273681640625 50.534000396728515625 50.467899322509765625 50.4113006591796875
50.785800933837890625 50.82469940185546875 50.86660003662109375 50.9037017822265625 50.942699432373046875 50.980998992919921875 51.02519989013671875 51.06829833984375 51.114898681640625 51.156200408935546875 51.19860076904296875 51.23809814453125 51.28179931640625 51.323699951171875 51.369098663330078125 51.409198760986328125 51.445098876953125 51.4739990234375 51.500598907470703125 51.521800994873046875 51.540699005126953125 51.554798126220703125 51.560100555419921875 51.551300048828125 51.526500701904296875 51.492298126220703125 51.448101043701171875 51.406200408935546875 51.361400604248046875 51.31890106201171875 51.2781982421875 51.239299774169921875 51.24520111083984375 51.182098388671875 51.079498291015625 51.062999725341796875 50.845401763916015625 50.7946014404296875 50.73040008544921875 50.67369842529296875 50.61949920654296875
50.98040008544921875 51.021701812744140625 51.059398651123046875 51.097198486328125 51.13140106201171875 51.169101715087890625 51.208099365234375 51.25170135498046875 51.293598175048828125 51.33660125732421875 51.374401092529296875 51.414501190185546875 51.453399658203125 51.49639892578125 51.537700653076171875 51.579601287841796875 51.613201141357421875 51.643299102783203125 51.667499542236328125 51.689300537109375 51.707000732421875 51.721099853515625 51.723499298095703125 51.711700439453125 51.6864013671875 51.646800994873046875 51.60559844970703125 51.560699462890625 51.51940155029296875 51.476398468017578125 51.438098907470703125 51.409198760986328125 51.436298370361328125 51.339000701904296875 51.245800018310546875 51.20690155029296875 51.037601470947265625 50.992198944091796875 50.935001373291015625 50.88249969482421875 50.8347015380859375
51.13610076904296875 51.186199188232421875 51.232799530029296875 51.270000457763671875 51.312999725341796875 51.34960174560546875 51.393798828125 51.43280029296875 51.475200653076171875 51.51409912109375 51.5531005859375 51.589000701904296875 51.62860107421875 51.666900634765625 51.709400177001953125 51.747100830078125 51.782501220703125 51.81079864501953125 51.836101531982421875 51.856201171875 51.87329864501953125 51.885101318359375 51.88629913330078125 51.872699737548828125 51.842601776123046875 51.804901123046875 51.760700225830078125 51.720001220703125 51.678699493408203125 51.641498565673828125 51.6072998046875 51.599700927734375 51.589000701904296875 51.50820159912109375 51.426898956298828125 51.364898681640625 51.239299774169921875 51.194499969482421875 51.14260101318359375 51.096599578857421875 51.048801422119140625
51.37969970703125 51.426300048828125 51.374401092529296875 51.388500213623046875 51.430400848388671875 51.479900360107421875 51.527099609375 51.574901580810546875 51.622100830078125 51.662799835205078125 51.70989990234375 51.751800537109375 51.791301727294921875 51.831401824951171875 51.874500274658203125 51.91809844970703125 51.95059967041015625 51.98059844970703125 52.00360107421875 52.023700714111328125 52.039600372314453125 52.050800323486328125 52.049098968505859375 52.03189849853515625 52.00189971923828125 51.960601806640625 51.92169952392578125 51.88159942626953125 51.84619903564453125 51.8114013671875 51.77130126953125 51.785400390625 51.74829864501953125 51.67929840087890625 51.625 51.531200408935546875 51.454601287841796875 51.402099609375 51.356700897216796875 51.311298370361328125 51.268798828125
52.040798187255859375 51.983600616455078125 51.914600372314453125 51.840301513671875 51.762401580810546875 51.762401580810546875 51.773601531982421875 51.810199737548828125 51.8385009765625 51.778900146484375 51.816699981689453125 51.859699249267578125 51.904598236083984375 51.95349884033203125 52.00479888916015625 52.050800323486328125 52.0968017578125 52.129299163818359375 52.158199310302734375 52.18289947509765625 52.203601837158203125 52.214801788330078125 52.210601806640625 52.19300079345703125 52.159900665283203125 52.124500274658203125 52.088001251220703125 52.055500030517578125 52.02130126953125 51.97769927978515625 51.927600860595703125 51.957000732421875 51.91519927978515625 51.854400634765625 51.823200225830078125 51.743000030517578125 51.658599853515625 51.61679840087890625 51.5718994140625 51.53070068359375 51.48699951171875
51.977100372314453125 52.082698822021484375 52.193500518798828125 52.257801055908203125 52.320301055908203125 52.381099700927734375 52.441799163818359375 52.47660064697265625 52.497898101806640625 52.38700103759765625 52.279598236083984375 52.174098968505859375 52.178798675537109375 52.19879913330078125 52.225399017333984375 52.25659942626953125 52.209499359130859375 52.2218017578125 52.2613983154296875 52.29380035400390625 52.317401885986328125 52.334499359130859375 52.33570098876953125 52.3238983154296875 52.307399749755859375 52.283199310302734375 52.25659942626953125 52.227199554443359375 52.185901641845703125 52.122798919677734375 52.0614013671875 52.155200958251953125 52.083301544189453125 52.03189849853515625 52.023101806640625 51.9093017578125 51.869800567626953125 51.83029937744140625 51.789600372314453125 51.747699737548828125 51.706401824951171875
52.098598480224609375 52.11859893798828125 52.13629913330078125 52.148700714111328125 52.158199310302734375 52.2100982666015625 52.314998626708984375 52.366298675537109375 52.416500091552734375 52.5037994384765625 52.578098297119140625 52.602199554443359375 52.61930084228515625 52.63700103759765625 52.651798248291015625 52.671199798583984375 52.6417999267578125 52.6045989990234375 52.5774993896484375 52.55390167236328125 52.56150054931640625 52.562099456787109375 52.559200286865234375 52.432399749755859375 52.4058990478515625 52.392299652099609375 52.36750030517578125 52.337398529052734375 52.279598236083984375 52.24430084228515625 52.35160064697265625 52.31330108642578125 52.268398284912109375 52.217700958251953125 52.195301055908203125 52.11859893798828125 52.082698822021484375 52.045501708984375 52.00299835205078125 51.964099884033203125 51.921100616455078125
52.27429962158203125 52.317401885986328125 52.35449981689453125 52.40470123291015625 52.4217987060546875 52.45240020751953125 52.49140167236328125 52.5261993408203125 52.537998199462890625 52.541500091552734375 52.5196990966796875 52.5467987060546875 52.5738983154296875 52.5915985107421875 52.6128997802734375 52.67890167236328125 52.745601654052734375 52.766201019287109375 52.7910003662109375 52.807498931884765625 52.8292999267578125 52.851100921630859375 52.876499176025390625 52.8694000244140625 52.8115997314453125 52.7714996337890625 52.7332000732421875 52.6670989990234375 52.60520172119140625 52.661800384521484375 52.59400177001953125 52.504901885986328125 52.45130157470703125 52.41590118408203125 52.3686981201171875 52.30680084228515625 52.293201446533203125 52.257198333740234375 52.217700958251953125 52.176998138427734375 52.13690185546875
52.38990020751953125 52.435298919677734375 52.48020172119140625 52.52790069580078125 52.572200775146484375 52.61930084228515625 52.66120147705078125 52.686000823974609375 52.719600677490234375 52.756198883056640625 52.755001068115234375 52.791599273681640625 52.828098297119140625 52.851100921630859375 52.872898101806640625 52.895900726318359375 52.9188995361328125 52.94139862060546875 52.9477996826171875 52.950801849365234375 52.94609832763671875 52.947200775146484375 52.960201263427734375 52.96379852294921875 52.96379852294921875 52.963199615478515625 52.982601165771484375 52.9944000244140625 52.9915008544921875 52.99089813232421875 52.739101409912109375 52.6782989501953125 52.645900726318359375 52.6110992431640625 52.5886993408203125 52.4795989990234375 52.4777984619140625 52.464801788330078125 52.42890167236328125 52.390499114990234375 52.3480987548828125
52.54560089111328125 52.58280181884765625 52.618801116943359375 52.6576995849609375 52.692501068115234375 52.729000091552734375 52.75910186767578125 52.7975006103515625 52.829898834228515625 52.8647003173828125 52.9001007080078125 52.932498931884765625 52.9654998779296875 52.994998931884765625 53.0279998779296875 53.059299468994140625 53.091098785400390625 53.11299896240234375 53.138301849365234375 53.15599822998046875 53.176700592041015625 53.18019866943359375 53.184299468994140625 53.177799224853515625 53.15599822998046875 53.139499664306640625 53.1295013427734375 53.09059906005859375 53.016300201416015625 52.9878997802734375 52.8852996826171875 52.831699371337890625 52.802799224853515625 52.839900970458984375 52.86589813232421875 52.8386993408203125 52.659999847412109375 52.6576995849609375 52.635898590087890625 52.597499847412109375 52.5561981201171875
52.7397003173828125 52.7714996337890625 52.8050994873046875 52.8358001708984375 52.865299224853515625 52.8899993896484375 52.9188995361328125 52.9430999755859375 52.970798492431640625 52.995601654052734375 53.01509857177734375 53.03929901123046875 53.0670013427734375 53.099399566650390625 53.130100250244140625 53.163700103759765625 53.194400787353515625 53.229198455810546875 53.2563018798828125 53.27629852294921875 53.2946014404296875 53.314098358154296875 53.33119964599609375 53.32939910888671875 53.34420013427734375 53.33409881591796875 53.33769989013671875 53.315799713134765625 53.259799957275390625 53.147800445556640625 53.0428009033203125 52.9915008544921875 53.05519866943359375 53.086399078369140625 53.1277008056640625 53.1259002685546875 52.9253997802734375 52.84400177001953125 52.830501556396484375 52.7985992431640625 52.754398345947265625
52.93489837646484375 52.9691009521484375 53.0009002685546875 53.033901214599609375 53.0605010986328125 53.085300445556640625 53.107700347900390625 53.130100250244140625 53.149501800537109375 53.1678009033203125 53.184299468994140625 53.2032012939453125 53.22679901123046875 53.2545013427734375 53.279300689697265625 53.3058013916015625 53.3329010009765625 53.355899810791015625 53.37310028076171875 53.386600494384765625 53.399600982666015625 53.413700103759765625 53.42440032958984375 53.436199188232421875 53.445598602294921875 53.452098846435546875 53.44969940185546875 53.44319915771484375 53.450298309326171875 53.39369964599609375 53.2050018310546875 53.19789886474609375 53.235599517822265625 53.3282012939453125 53.357700347900390625 53.383701324462890625 53.25749969482421875 53.0269012451171875 53.02159881591796875 52.99269866943359375 52.95259857177734375
53.131801605224609375 53.16429901123046875 53.1985015869140625 53.22859954833984375 53.256900787353515625 53.279300689697265625 53.30049896240234375 53.31999969482421875 53.3394012451171875 53.35540008544921875 53.370700836181640625 53.387798309326171875 53.41139984130859375 53.43560028076171875 53.4597015380859375 53.481601715087890625 53.503398895263671875 53.521099090576171875 53.535800933837890625 53.54290008544921875 53.547000885009765625 53.549999237060546875 53.557098388671875 53.558200836181640625 53.55879974365234375 53.5458984375 53.530498504638671875 53.514598846435546875 53.509899139404296875 53.521099090576171875 53.38249969482421875 53.495700836181640625 53.51110076904296875 53.467998504638671875 53.560001373291015625 53.574199676513671875 53.504001617431640625 53.28639984130859375 53.20909881591796875 53.186100006103515625 53.148899078369140625
53.32759857177734375 53.3618011474609375 53.39369964599609375 53.4261016845703125 53.452098846435546875 53.474498748779296875 53.49340057373046875 53.511600494384765625 53.5287017822265625 53.544101715087890625 53.557598114013671875 53.57360076904296875 53.59420013427734375 53.618999481201171875 53.639598846435546875 53.659698486328125 53.677398681640625 53.69390106201171875 53.705699920654296875 53.712200164794921875 53.71450042724609375 53.71630096435546875 53.717498779296875 53.716899871826171875 53.708599090576171875 53.69029998779296875 53.66320037841796875 53.63249969482421875 53.61009979248046875 53.570598602294921875 53.566501617431640625 53.683300018310546875 53.750499725341796875 53.67559814453125 53.74520111083984375 53.76409912109375 53.777599334716796875 53.48329925537109375 53.404300689697265625 53.383098602294921875 53.35179901123046875
53.52519989013671875 53.557598114013671875 53.59130096435546875 53.621898651123046875 53.64849853515625 53.668498992919921875 53.686199188232421875 53.702701568603515625 53.71920013427734375 53.73220062255859375 53.744598388671875 53.758800506591796875 53.779399871826171875 53.79940032958984375 53.819499969482421875 53.835399627685546875 53.851299285888671875 53.864898681640625 53.8760986328125 53.880199432373046875 53.88140106201171875 53.881999969482421875 53.88320159912109375 53.881999969482421875 53.873798370361328125 53.857799530029296875 53.82720184326171875 53.789398193359375 53.749298095703125 53.760501861572265625 53.74639892578125 53.782901763916015625 53.8489990234375 53.83010101318359375 53.867298126220703125 53.965801239013671875 53.973400115966796875 53.736301422119140625 53.60540008544921875 53.59239959716796875 53.559398651123046875
53.721599578857421875 53.755199432373046875 53.78710174560546875 53.819499969482421875 53.843700408935546875 53.86370086669921875 53.879100799560546875 53.89440155029296875 53.908000946044921875 53.9208984375 53.931598663330078125 53.944499969482421875 53.962200164794921875 53.981700897216796875 53.997600555419921875 54.012298583984375 54.024700164794921875 54.03710174560546875 54.045398712158203125 54.04830169677734375 54.04830169677734375 54.048900604248046875 54.048900604248046875 54.047100067138671875 54.040699005126953125 54.02410125732421875 53.99700164794921875 53.95989990234375 53.93270111083984375 53.964000701904296875 53.90380096435546875 53.940399169921875 53.98400115966796875 54.011798858642578125 54.035900115966796875 54.168598175048828125 54.17340087890625 53.99050140380859375 53.8135986328125 53.80059814453125 53.77230072021484375
53.9197998046875 53.95159912109375 53.984600067138671875 54.01409912109375 54.04010009765625 54.05780029296875 54.072498321533203125 54.08489990234375 54.097900390625 54.108501434326171875 54.118499755859375 54.12969970703125 54.146800994873046875 54.16210174560546875 54.176300048828125 54.1875 54.198101043701171875 54.207599639892578125 54.214000701904296875 54.215801239013671875 54.215198516845703125 54.214599609375 54.2135009765625 54.212299346923828125 54.205799102783203125 54.192798614501953125 54.166301727294921875 54.135601043701171875 54.148601531982421875 54.13970184326171875 54.098499298095703125 54.12149810791015625 54.147998809814453125 54.19100189208984375 54.229999542236328125 54.372699737548828125 54.375598907470703125 54.252399444580078125 54.080799102783203125 54.0177001953125 53.985198974609375
