tests/data/model/grid/dem_m01.asc
ncols        189
nrows        213
xllcorner    292786.250000000000
yllcorner    6177386.250000000000
dx           5.013227513228
dy           5.016431924883
NODATA_value  -9999
[rows 90 to 107 of 213, columns 82 to 122 of 189]
42.499698638916015625 42.469600677490234375 42.4449005126953125 42.421901702880859375 42.4011993408203125 42.379398345947265625 42.3675994873046875 42.3675994873046875 42.34870147705078125 42.195400238037109375 41.95420074462890625 40.437900543212890625 39.0343017578125 39.3592987060546875 40.508098602294921875 41.010601043701171875 41.123199462890625 41.358501434326171875 41.43579864501953125 41.542499542236328125 41.664600372314453125 41.810298919677734375 41.968898773193359375 42.15470123291015625 42.3358001708984375 42.522701263427734375 42.697299957275390625 42.8907012939453125 43.094799041748046875 43.33190155029296875 43.574798583984375 43.86029815673828125 44.103298187255859375 44.349201202392578125 44.5756988525390625 44.79740142822265625 44.994998931884765625 45.1865997314453125 45.3618011474609375 45.5399017333984375 45.71450042724609375
42.54219818115234375 42.5167999267578125 42.493198394775390625 42.472599029541015625 42.4514007568359375 42.432498931884765625 42.419498443603515625 42.418300628662109375 42.402400970458984375 42.323398590087890625 42.0886993408203125 41.73600006103515625 39.251300811767578125 39.045501708984375 40.256900787353515625 41.021198272705078125 41.166900634765625 41.374500274658203125 41.44580078125 41.53900146484375 41.667598724365234375 41.808498382568359375 41.98780059814453125 42.1735992431640625 42.378200531005859375 42.562801361083984375 42.757999420166015625 42.95149993896484375 43.181499481201171875 43.41500091552734375 43.681598663330078125 43.954601287841796875 44.224201202392578125 44.4600982666015625 44.7100982666015625 44.918300628662109375 45.131198883056640625 45.308101654052734375 45.49449920654296875 45.660198211669921875 45.847198486328125
42.584598541259765625 42.5605010986328125 42.539798736572265625 42.519199371337890625 42.500301361083984375 42.480800628662109375 42.469600677490234375 42.466098785400390625 42.466701507568359375 42.4477996826171875 42.247898101806640625 42.04380035400390625 40.785900115966796875 39.054401397705078125 40.101200103759765625 41.03710174560546875 41.214099884033203125 41.39099884033203125 41.45169830322265625 41.539600372314453125 41.659900665283203125 41.809101104736328125 41.98310089111328125 42.1941986083984375 42.39530181884765625 42.6053009033203125 42.7993011474609375 43.02050018310546875 43.244598388671875 43.50469970703125 43.757701873779296875 44.05429840087890625 44.30670166015625 44.567401885986328125 44.799198150634765625 45.025600433349609375 45.2209014892578125 45.413700103759765625 45.588298797607421875 45.77230072021484375 45.944499969482421875
42.6277008056640625 42.6071014404296875 42.587001800537109375 42.568698883056640625 42.549800872802734375 42.533298492431640625 42.520999908447265625 42.5139007568359375 42.516201019287109375 42.506801605224609375 42.392398834228515625 42.1735992431640625 41.672901153564453125 39.07849884033203125 39.8358001708984375 41.0447998046875 41.238800048828125 41.37329864501953125 41.439300537109375 41.544300079345703125 41.662899017333984375 41.804401397705078125 41.990200042724609375 42.1894989013671875 42.416599273681640625 42.625301361083984375 42.84999847412109375 43.069400787353515625 43.32180023193359375 43.571300506591796875 43.846099853515625 44.125701904296875 44.403499603271484375 44.644100189208984375 44.8946990966796875 45.100498199462890625 45.3105010986328125 45.487400054931640625 45.68199920654296875 45.854801177978515625 46.04650115966796875
42.674900054931640625 42.6548004150390625 42.6371002197265625 42.618900299072265625 42.602901458740234375 42.5858001708984375 42.570499420166015625 42.561100006103515625 42.55989837646484375 42.556301116943359375 42.477901458740234375 42.2537994384765625 42.02790069580078125 39.31620025634765625 39.378101348876953125 41.024200439453125 41.164501190185546875 41.24530029296875 41.313701629638671875 41.427501678466796875 41.57199859619140625 41.739498138427734375 41.997798919677734375 42.19660186767578125 42.416599273681640625 42.653598785400390625 42.877201080322265625 43.12779998779296875 43.37310028076171875 43.64739990234375 43.906299591064453125 44.209400177001953125 44.467098236083984375 44.7295989990234375 44.95780181884765625 45.17839813232421875 45.368900299072265625 45.56169891357421875 45.742801666259765625 45.935001373291015625 46.116100311279296875
42.723201751708984375 42.705501556396484375 42.6873016357421875 42.6707000732421875 42.652500152587890625 42.636501312255859375 42.6183013916015625 42.605899810791015625 42.6035003662109375 42.6053009033203125 42.602298736572265625 42.374698638916015625 42.141101837158203125 40.44029998779296875 39.100399017333984375 39.85469818115234375 40.677398681640625 39.829898834228515625 40.03099822998046875 40.65380096435546875 41.350299835205078125 41.6239013671875 42.023799896240234375 42.197200775146484375 42.433101654052734375 42.663700103759765625 42.91609954833984375 43.160198211669921875 43.431499481201171875 43.691600799560546875 43.972301483154296875 44.257198333740234375 44.53910064697265625 44.7790985107421875 45.0233001708984375 45.222599029541015625 45.4261016845703125 45.60359954833984375 45.802398681640625 45.980499267578125 46.179798126220703125
42.77159881591796875 42.7527008056640625 42.7350006103515625 42.7162017822265625 42.6985015869140625 42.67839813232421875 42.6613006591796875 42.6483001708984375 42.6436004638671875 42.6472015380859375 42.647701263427734375 42.506801605224609375 42.277400970458984375 41.57199859619140625 39.154598236083984375 39.105701446533203125 39.133998870849609375 39.33209991455078125 39.262500762939453125 39.3686981201171875 41.322601318359375 41.616298675537109375 42.0626983642578125 42.2295989990234375 42.4430999755859375 42.692600250244140625 42.935001373291015625 43.202701568603515625 43.46099853515625 43.74169921875 44.005401611328125 44.313800811767578125 44.5738983154296875 44.833400726318359375 45.0550994873046875 45.26689910888671875 45.4514007568359375 45.6425018310546875 45.82540130615234375 46.018798828125 46.203998565673828125
42.814601898193359375 42.796398162841796875 42.77629852294921875 42.7563018798828125 42.7350006103515625 42.7162017822265625 42.699100494384765625 42.6873016357421875 42.683101654052734375 42.68669891357421875 42.68669891357421875 42.64479827880859375 42.416599273681640625 42.20780181884765625 40.64849853515625 39.2277984619140625 39.36460113525390625 39.118099212646484375 39.28730010986328125 40.26689910888671875 41.53369903564453125 41.7843017578125 42.123500823974609375 42.260898590087890625 42.486698150634765625 42.7162017822265625 42.973300933837890625 43.223400115966796875 43.5010986328125 43.76419830322265625 44.046100616455078125 44.334499359130859375 44.61640167236328125 44.852298736572265625 45.089298248291015625 45.280399322509765625 45.47859954833984375 45.652599334716796875 45.84889984130859375 46.025299072265625 46.22460174560546875
42.85359954833984375 42.831798553466796875 42.811100006103515625 42.788700103759765625 42.7686004638671875 42.7498016357421875 42.73619842529296875 42.72499847412109375 42.72029876708984375 42.7209014892578125 42.726200103759765625 42.7209014892578125 42.5670013427734375 42.3610992431640625 41.8350982666015625 39.47010040283203125 39.366901397705078125 39.132801055908203125 39.25080108642578125 41.444599151611328125 41.822101593017578125 42.033199310302734375 42.18180084228515625 42.326900482177734375 42.533298492431640625 42.763301849365234375 42.995098114013671875 43.256999969482421875 43.513500213623046875 43.793598175048828125 44.05670166015625 44.36280059814453125 44.61930084228515625 44.872898101806640625 45.088199615478515625 45.2946014404296875 45.4756011962890625 45.66320037841796875 45.842498779296875 46.032398223876953125 46.21340179443359375
42.884799957275390625 42.8636016845703125 42.84059906005859375 42.819400787353515625 42.799900054931640625 42.785198211669921875 42.772800445556640625 42.763301849365234375 42.756900787353515625 42.7563018798828125 42.7610015869140625 42.7574005126953125 42.70259857177734375 42.5009002685546875 42.2920989990234375 40.406101226806640625 39.383998870849609375 39.27429962158203125 40.556499481201171875 41.5166015625 41.777301788330078125 42.05210113525390625 42.24610137939453125 42.387699127197265625 42.591701507568359375 42.791599273681640625 43.024600982666015625 43.259899139404296875 43.529998779296875 43.788898468017578125 44.06729888916015625 44.34980010986328125 44.623401641845703125 44.854000091552734375 45.0876007080078125 45.27629852294921875 45.47209930419921875 45.644298553466796875 45.837100982666015625 46.009899139404296875 46.203998565673828125
42.916698455810546875 42.89189910888671875 42.870700836181640625 42.84999847412109375 42.83409881591796875 42.81999969482421875 42.809299468994140625 42.799900054931640625 42.79219818115234375 42.7881011962890625 42.7899017333984375 42.796398162841796875 42.793399810791015625 42.631801605224609375 42.410701751708984375 41.316699981689453125 39.28549957275390625 39.4524993896484375 41.48889923095703125 41.67350006103515625 41.877498626708984375 42.11930084228515625 42.304500579833984375 42.445499420166015625 42.621799468994140625 42.81819915771484375 43.022800445556640625 43.263500213623046875 43.5093994140625 43.782398223876953125 44.03900146484375 44.336200714111328125 44.5850982666015625 44.8339996337890625 45.048099517822265625 45.255100250244140625 45.43669891357421875 45.623699188232421875 45.80059814453125 45.986400604248046875 46.16210174560546875
42.9532012939453125 42.9243011474609375 42.900798797607421875 42.883098602294921875 42.86769866943359375 42.854801177978515625 42.84349822998046875 42.83409881591796875 42.82469940185546875 42.819400787353515625 42.81999969482421875 42.826999664306640625 42.83229827880859375 42.79219818115234375 42.5569000244140625 42.066799163818359375 39.379901885986328125 39.4282989501953125 41.493000030517578125 41.671100616455078125 41.883998870849609375 42.1139984130859375 42.348201751708984375 42.475498199462890625 42.6389007568359375 42.811100006103515625 43.01689910888671875 43.23220062255859375 43.487598419189453125 43.737598419189453125 44.007099151611328125 44.279598236083984375 44.5467987060546875 44.77320098876953125 45.006198883056640625 45.197299957275390625 45.394199371337890625 45.564701080322265625 45.754001617431640625 45.922698974609375 46.111400604248046875
43.006900787353515625 42.963298797607421875 42.936100006103515625 42.9149017333984375 42.90019989013671875 42.88719940185546875 42.87599945068359375 42.86479949951171875 42.855899810791015625 42.849399566650390625 42.84999847412109375 42.8553009033203125 42.862400054931640625 42.867099761962890625 42.7386016845703125 42.4319000244140625 40.325298309326171875 39.416500091552734375 40.72930145263671875 41.648101806640625 41.851001739501953125 42.0532989501953125 42.294498443603515625 42.496799468994140625 42.630100250244140625 42.7993011474609375 42.982700347900390625 43.20330047607421875 43.43450164794921875 43.694599151611328125 43.941699981689453125 44.228900909423828125 44.47190093994140625 44.71720123291015625 44.931301116943359375 45.139499664306640625 45.3199005126953125 45.503299713134765625 45.67440032958984375 45.85430145263671875 46.024700164794921875
43.073001861572265625 43.0175018310546875 42.9774017333984375 42.95149993896484375 42.93199920654296875 42.918399810791015625 42.905498504638671875 42.894901275634765625 42.8860015869140625 42.8813018798828125 42.880100250244140625 42.8842010498046875 42.8907012939453125 42.898998260498046875 42.86949920654296875 42.569301605224609375 41.104900360107421875 39.416500091552734375 40.48220062255859375 41.62220001220703125 41.82740020751953125 42.032001495361328125 42.2266998291015625 42.502101898193359375 42.6277008056640625 42.76979827880859375 42.957401275634765625 43.1531982421875 43.390300750732421875 43.625598907470703125 43.883899688720703125 44.14749908447265625 44.40760040283203125 44.631099700927734375 44.863498687744140625 45.054500579833984375 45.2509002685546875 45.41719818115234375 45.59889984130859375 45.760501861572265625 45.940898895263671875
43.157901763916015625 43.083599090576171875 43.03459930419921875 42.995098114013671875 42.9709014892578125 42.950298309326171875 42.9355010986328125 42.923801422119140625 42.916698455810546875 42.911998748779296875 42.91139984130859375 42.9149017333984375 42.91899871826171875 42.92910003662109375 42.90670013427734375 42.6082000732421875 41.543701171875 39.403499603271484375 39.9048004150390625 41.590301513671875 41.765499114990234375 41.999599456787109375 42.3069000244140625 42.421298980712890625 42.613498687744140625 42.750400543212890625 42.917301177978515625 43.116001129150390625 43.32659912109375 43.568401336669921875 43.80429840087890625 44.082000732421875 44.316799163818359375 44.55500030517578125 44.7678985595703125 44.9766998291015625 45.158298492431640625 45.340000152587890625 45.5045013427734375 45.67559814453125 45.83769989013671875
43.24639892578125 43.168498992919921875 43.104198455810546875 43.05699920654296875 43.02050018310546875 42.992801666259765625 42.97209930419921875 42.95909881591796875 42.949100494384765625 42.94499969482421875 42.9438018798828125 42.945598602294921875 42.95149993896484375 42.96269989013671875 42.93849945068359375 42.624698638916015625 41.536098480224609375 39.990299224853515625 39.534999847412109375 41.48239898681640625 41.72650146484375 42.0626983642578125 42.3936004638671875 42.5139007568359375 42.60649871826171875 42.72029876708984375 42.887798309326171875 43.064098358154296875 43.279399871826171875 43.49700164794921875 43.742298126220703125 43.993000030517578125 44.23889923095703125 44.45240020751953125 44.682399749755859375 44.876399993896484375 45.079898834228515625 45.248600006103515625 45.4261016845703125 45.580600738525390625 45.75099945068359375
43.34429931640625 43.25930023193359375 43.19329833984375 43.133098602294921875 43.090099334716796875 43.05229949951171875 43.027599334716796875 43.006900787353515625 42.99449920654296875 42.985698699951171875 42.982700347900390625 42.984500885009765625 42.99160003662109375 43.00279998779296875 43.015201568603515625 42.78749847412109375 42.561100006103515625 41.004100799560546875 39.486698150634765625 39.5850982666015625 41.073101043701171875 41.676998138427734375 42.4402008056640625 42.4720001220703125 42.583499908447265625 42.695499420166015625 42.83879852294921875 43.02339935302734375 43.218601226806640625 43.444499969482421875 43.66510009765625 43.920398712158203125 44.13690185546875 44.362201690673828125 44.573299407958984375 44.789699554443359375 44.9813995361328125 45.16899871826171875 45.33229827880859375 45.495098114013671875 45.646701812744140625
43.43920135498046875 43.36190032958984375 43.287601470947265625 43.22750091552734375 43.17559814453125 43.135501861572265625 43.104198455810546875 43.080600738525390625 43.060001373291015625 43.045200347900390625 43.035198211669921875 43.032299041748046875 43.03820037841796875 43.049999237060546875 43.06349945068359375 42.980998992919921875 42.7769012451171875 42.479099273681640625 40.896800994873046875 39.53440093994140625 39.605800628662109375 40.049900054931640625 41.214099884033203125 42.014400482177734375 42.434299468994140625 42.660701751708984375 42.801700592041015625 42.960300445556640625 43.16790008544921875 43.37310028076171875 43.597301483154296875 43.822498321533203125 44.046100616455078125 44.246601104736328125 44.47480010986328125 44.67710113525390625 44.889400482177734375 45.063999176025390625 45.239101409912109375 45.38539886474609375 45.543498992919921875
